101 
1249.13524167
1240.86282285
1232.69925164
1224.64239379
1216.69017045
1208.84055645
1201.09157853
1193.44131369
1185.88788766
1178.42947327
1171.06428906
1163.79059783
1156.60670525
1149.51095859
1142.50174543
1135.57749242
1128.73666416
1121.97776198
1115.29932292
1108.69991864
1102.17815441
1095.73266813
1089.36212936
1083.06523844
1076.84072557
1070.68735
1064.60389915
1058.58918785
1052.64205758
1046.7613757
1040.94603472
1035.19495166
1029.50706731
1023.88134563
1018.3167731
1012.81235811
1007.36713038
1001.98014037
996.65045878
991.37717593
986.15940132
980.99626309
975.88690755
970.8304987
965.82621778
960.87326282
955.97084821
951.11820431
946.31457702
941.55922739
936.85143125
932.19047886
927.5756745
923.00633621
918.48179534
914.00139634
909.56449636
905.17046498
900.81868389
896.50854665
892.23945833
888.01083531
883.82210495
879.6727054
875.56208528
871.48970349
867.45502894
863.45754032
859.49672592
855.57208333
851.68311932
847.82934955
844.01029842
840.22549888
836.47449219
832.75682778
829.07206305
825.41976322
821.7995011
818.21085699
814.65341848
811.1267803
807.63054418
804.16431867
800.72771902
797.32036702
793.94189089
790.59192511
787.27011029
783.9760931
780.70952604
777.47006743
774.2573812
771.07113683
767.91100922
764.77667857
761.66783028
758.58415486
755.52534778
752.49110944
749.481145
